#atoms per molecule N = 36
#distance_atoms = 0.255
#molecule_length = 8.925
#layers = 2

#LJ_epsilon	CD_epsilon	lateral_gap_min	radial_gap_min	offset_min	D-periodicity_min	E_CD_min	E_LJ_min	E_total_min
0.010	10.000	0.784	0.765	4.590	5.100	-281.256	40.295	-240.962
0.010	20.000	0.896	0.765	4.590	5.100	-113.969	4.471	-109.498
0.010	30.000	0.896	0.765	4.590	5.100	-75.979	4.471	-71.508
0.010	40.000	1.008	0.765	4.845	4.845	-52.401	-0.678	-53.078
0.010	50.000	1.008	0.765	4.845	4.845	-41.921	-0.678	-42.598
0.010	60.000	1.008	0.765	4.845	4.845	-34.934	-0.678	-35.611
0.010	70.000	1.008	0.765	4.845	4.845	-29.943	-0.678	-30.621
0.010	80.000	1.008	0.765	4.845	4.845	-26.200	-0.678	-26.878
0.010	90.000	1.008	0.765	4.845	4.845	-23.289	-0.678	-23.967
0.010	100.000	1.008	0.765	4.845	4.845	-20.960	-0.678	-21.638
0.010	110.000	1.008	0.765	4.845	4.845	-19.055	-0.678	-19.732
0.010	120.000	1.008	0.765	4.845	4.845	-17.467	-0.678	-18.144
0.010	130.000	1.008	0.765	4.845	4.845	-16.123	-0.678	-16.801
0.010	140.000	1.008	0.765	4.845	4.845	-14.972	-0.678	-15.649
0.010	150.000	1.008	0.765	4.845	4.845	-13.974	-0.678	-14.651
0.010	160.000	1.008	0.765	4.845	4.845	-13.100	-0.678	-13.778
0.010	170.000	1.008	0.765	4.845	4.845	-12.330	-0.678	-13.007
0.010	180.000	1.008	0.765	4.845	4.845	-11.645	-0.678	-12.322
0.010	190.000	1.008	0.765	4.845	4.845	-11.032	-0.678	-11.709
0.010	200.000	1.008	0.765	4.845	4.845	-10.480	-0.678	-11.158

0.020	10.000	0.896	0.765	4.590	5.100	-227.937	8.942	-218.995
0.020	20.000	1.008	0.765	4.845	4.845	-104.801	-1.355	-106.156
0.020	30.000	1.008	0.765	4.845	4.845	-69.868	-1.355	-71.223
0.020	40.000	1.008	0.765	4.845	4.845	-52.401	-1.355	-53.756
0.020	50.000	1.008	0.765	4.845	4.845	-41.921	-1.355	-43.276
0.020	60.000	1.008	0.765	4.845	4.845	-34.934	-1.355	-36.289
0.020	70.000	1.008	0.765	4.845	4.845	-29.943	-1.355	-31.298
0.020	80.000	1.008	0.765	4.845	4.845	-26.200	-1.355	-27.555
0.020	90.000	1.008	0.765	4.845	4.845	-23.289	-1.355	-24.644
0.020	100.000	1.008	0.765	4.845	4.845	-20.960	-1.355	-22.315
0.020	110.000	1.008	1.020	4.845	5.100	-16.098	-4.351	-20.448
0.020	120.000	1.008	1.020	4.845	5.100	-14.756	-4.351	-19.107
0.020	130.000	1.008	1.020	4.845	5.100	-13.621	-4.351	-17.972
0.020	140.000	1.008	1.020	4.845	5.100	-12.648	-4.351	-16.999
0.020	150.000	1.008	1.020	4.845	5.100	-11.805	-4.351	-16.156
0.020	160.000	1.008	1.020	4.845	5.100	-11.067	-4.351	-15.418
0.020	170.000	1.008	1.020	5.100	4.845	-10.416	-4.351	-14.767
0.020	180.000	1.008	1.020	5.100	4.845	-9.837	-4.351	-14.188
0.020	190.000	1.008	1.020	4.845	5.100	-9.320	-4.351	-13.670
0.020	200.000	1.008	1.020	4.845	5.100	-8.854	-4.351	-13.204

0.030	10.000	0.896	0.765	4.590	5.100	-227.937	13.413	-214.524
0.030	20.000	1.008	0.765	4.845	4.845	-104.801	-2.033	-106.834
0.030	30.000	1.008	0.765	4.845	4.845	-69.868	-2.033	-71.900
0.030	40.000	1.008	0.765	4.845	4.845	-52.401	-2.033	-54.433
0.030	50.000	1.008	0.765	4.845	4.845	-41.921	-2.033	-43.953
0.030	60.000	1.008	0.765	4.845	4.845	-34.934	-2.033	-36.966
0.030	70.000	1.008	0.765	4.845	4.845	-29.943	-2.033	-31.976
0.030	80.000	1.008	1.020	4.845	5.100	-22.134	-6.526	-28.660
0.030	90.000	1.008	1.020	4.845	5.100	-19.675	-6.526	-26.201
0.030	100.000	1.008	1.020	4.845	5.100	-17.707	-6.526	-24.233
0.030	110.000	1.008	1.020	4.845	5.100	-16.098	-6.526	-22.624
0.030	120.000	1.008	1.020	4.845	5.100	-14.756	-6.526	-21.282
0.030	130.000	1.008	1.020	4.845	5.100	-13.621	-6.526	-20.147
0.030	140.000	1.008	1.020	5.100	4.845	-12.648	-6.526	-19.174
0.030	150.000	1.008	1.020	4.845	5.100	-11.805	-6.526	-18.331
0.030	160.000	1.008	1.020	5.100	4.845	-11.067	-6.526	-17.593
0.030	170.000	1.008	1.020	4.845	5.100	-10.416	-6.526	-16.942
0.030	180.000	1.008	1.020	4.845	5.100	-9.837	-6.526	-16.363
0.030	190.000	1.008	1.020	5.100	4.845	-9.320	-6.526	-15.846
0.030	200.000	1.008	1.020	5.100	4.845	-8.854	-6.526	-15.380

0.040	10.000	1.008	0.765	4.845	4.845	-209.603	-2.710	-212.313
0.040	20.000	1.008	0.765	4.845	4.845	-104.801	-2.710	-107.511
0.040	30.000	1.008	0.765	4.845	4.845	-69.868	-2.710	-72.578
0.040	40.000	1.008	0.765	4.845	4.845	-52.401	-2.710	-55.111
0.040	50.000	1.008	0.765	4.845	4.845	-41.921	-2.710	-44.631
0.040	60.000	1.008	1.020	4.845	5.100	-29.512	-8.701	-38.214
0.040	70.000	1.008	1.020	4.845	5.100	-25.296	-8.701	-33.998
0.040	80.000	1.008	1.020	4.845	5.100	-22.134	-8.701	-30.836
0.040	90.000	1.008	1.020	5.100	4.845	-19.675	-8.701	-28.376
0.040	100.000	1.008	1.020	4.845	5.100	-17.707	-8.701	-26.409
0.040	110.000	1.008	1.020	4.845	5.100	-16.098	-8.701	-24.799
0.040	120.000	1.008	1.020	4.845	5.100	-14.756	-8.701	-23.458
0.040	130.000	1.008	1.020	5.100	4.845	-13.621	-8.701	-22.322
0.040	140.000	1.008	1.020	4.845	5.100	-12.648	-8.701	-21.350
0.040	150.000	1.008	1.020	4.845	5.100	-11.805	-8.701	-20.506
0.040	160.000	1.008	1.020	4.845	5.100	-11.067	-8.701	-19.769
0.040	170.000	1.008	1.020	4.845	5.100	-10.416	-8.701	-19.118
0.040	180.000	1.008	1.020	5.100	4.845	-9.837	-8.701	-18.539
0.040	190.000	1.008	1.020	4.845	5.100	-9.320	-8.701	-18.021
0.040	200.000	1.008	1.020	4.845	5.100	-8.854	-8.701	-17.555

0.050	10.000	1.008	0.765	4.845	4.845	-209.603	-3.388	-212.990
0.050	20.000	1.008	0.765	4.845	4.845	-104.801	-3.388	-108.189
0.050	30.000	1.008	0.765	4.845	4.845	-69.868	-3.388	-73.255
0.050	40.000	1.008	0.765	4.845	4.845	-52.401	-3.388	-55.788
0.050	50.000	1.008	1.020	4.845	5.100	-35.415	-10.877	-46.291
0.050	60.000	1.008	1.020	4.845	5.100	-29.512	-10.877	-40.389
0.050	70.000	1.008	1.020	5.100	4.845	-25.296	-10.877	-36.173
0.050	80.000	1.008	1.020	5.100	4.845	-22.134	-10.877	-33.011
0.050	90.000	1.008	1.020	4.845	5.100	-19.675	-10.877	-30.552
0.050	100.000	1.008	1.020	5.100	4.845	-17.707	-10.877	-28.584
0.050	110.000	1.008	1.020	5.100	4.845	-16.098	-10.877	-26.974
0.050	120.000	1.008	1.020	5.100	4.845	-14.756	-10.877	-25.633
0.050	130.000	1.008	1.020	5.100	4.845	-13.621	-10.877	-24.498
0.050	140.000	1.008	1.020	4.845	5.100	-12.648	-10.877	-23.525
0.050	150.000	1.008	1.020	5.100	4.845	-11.805	-10.877	-22.682
0.050	160.000	1.008	1.020	4.845	5.100	-11.067	-10.877	-21.944
0.050	170.000	1.008	1.020	5.100	4.845	-10.416	-10.877	-21.293
0.050	180.000	1.008	1.020	4.845	5.100	-9.837	-10.877	-20.714
0.050	190.000	1.008	1.020	4.845	5.100	-9.320	-10.877	-20.196
0.050	200.000	1.008	1.020	4.845	5.100	-8.854	-10.877	-19.730

0.060	10.000	1.008	0.765	4.845	4.845	-209.603	-4.065	-213.668
0.060	20.000	1.008	0.765	4.845	4.845	-104.801	-4.065	-108.866
0.060	30.000	1.008	0.765	4.845	4.845	-69.868	-4.065	-73.933
0.060	40.000	1.008	1.020	4.845	5.100	-44.268	-13.052	-57.320
0.060	50.000	1.008	1.020	4.845	5.100	-35.415	-13.052	-48.467
0.060	60.000	1.008	1.020	4.845	5.100	-29.512	-13.052	-42.564
0.060	70.000	1.008	1.020	5.100	4.845	-25.296	-13.052	-38.348
0.060	80.000	1.008	1.020	5.100	4.845	-22.134	-13.052	-35.186
0.060	90.000	1.008	1.020	4.845	5.100	-19.675	-13.052	-32.727
0.060	100.000	1.008	1.020	5.100	4.845	-17.707	-13.052	-30.759
0.060	110.000	1.008	1.020	5.100	4.845	-16.098	-13.052	-29.150
0.060	120.000	1.008	1.020	5.100	4.845	-14.756	-13.052	-27.808
0.060	130.000	1.008	1.020	5.100	4.845	-13.621	-13.052	-26.673
0.060	140.000	1.008	1.020	4.845	5.100	-12.648	-13.052	-25.700
0.060	150.000	1.008	1.020	5.100	4.845	-11.805	-13.052	-24.857
0.060	160.000	1.008	1.020	4.845	5.100	-11.067	-13.052	-24.119
0.060	170.000	1.008	1.020	5.100	4.845	-10.416	-13.052	-23.468
0.060	180.000	1.008	1.020	4.845	5.100	-9.837	-13.052	-22.890
0.060	190.000	1.008	1.020	4.845	5.100	-9.320	-13.052	-22.372
0.060	200.000	1.008	1.020	4.845	5.100	-8.854	-13.052	-21.906

0.070	10.000	1.008	0.765	4.845	4.845	-209.603	-4.743	-214.345
0.070	20.000	1.008	0.765	4.845	4.845	-104.801	-4.743	-109.544
0.070	30.000	1.008	0.765	4.845	4.845	-69.868	-4.743	-74.610
0.070	40.000	1.008	1.020	4.845	5.100	-44.268	-15.228	-59.496
0.070	50.000	1.008	1.020	4.845	5.100	-35.415	-15.228	-50.642
0.070	60.000	1.008	1.020	4.845	5.100	-29.512	-15.228	-44.740
0.070	70.000	1.008	1.020	5.100	4.845	-25.296	-15.228	-40.524
0.070	80.000	1.008	1.020	5.100	4.845	-22.134	-15.228	-37.362
0.070	90.000	1.008	1.020	5.100	4.845	-19.675	-15.228	-34.902
0.070	100.000	1.008	1.020	5.100	4.845	-17.707	-15.228	-32.935
0.070	110.000	1.008	1.020	5.100	4.845	-16.098	-15.228	-31.325
0.070	120.000	1.008	1.020	5.100	4.845	-14.756	-15.228	-29.984
0.070	130.000	1.008	1.020	5.100	4.845	-13.621	-15.228	-28.849
0.070	140.000	1.008	1.020	4.845	5.100	-12.648	-15.228	-27.876
0.070	150.000	1.008	1.020	5.100	4.845	-11.805	-15.228	-27.032
0.070	160.000	1.008	1.020	4.845	5.100	-11.067	-15.228	-26.295
0.070	170.000	1.008	1.020	5.100	4.845	-10.416	-15.228	-25.644
0.070	180.000	1.008	1.020	5.100	4.845	-9.837	-15.228	-25.065
0.070	190.000	1.008	1.020	4.845	5.100	-9.320	-15.228	-24.547
0.070	200.000	1.008	1.020	4.845	5.100	-8.854	-15.228	-24.081

0.080	10.000	1.008	0.765	4.845	4.845	-209.603	-5.420	-215.023
0.080	20.000	1.008	0.765	4.845	4.845	-104.801	-5.420	-110.221
0.080	30.000	1.008	1.020	4.845	5.100	-59.024	-17.403	-76.427
0.080	40.000	1.008	1.020	4.845	5.100	-44.268	-17.403	-61.671
0.080	50.000	1.008	1.020	4.845	5.100	-35.415	-17.403	-52.818
0.080	60.000	1.008	1.020	4.845	5.100	-29.512	-17.403	-46.915
0.080	70.000	1.008	1.020	4.845	5.100	-25.296	-17.403	-42.699
0.080	80.000	1.008	1.020	4.845	5.100	-22.134	-17.403	-39.537
0.080	90.000	1.008	1.020	5.100	4.845	-19.675	-17.403	-37.078
0.080	100.000	1.008	1.020	4.845	5.100	-17.707	-17.403	-35.110
0.080	110.000	1.008	1.020	4.845	5.100	-16.098	-17.403	-33.500
0.080	120.000	1.008	1.020	5.100	4.845	-14.756	-17.403	-32.159
0.080	130.000	1.008	1.020	4.845	5.100	-13.621	-17.403	-31.024
0.080	140.000	1.008	1.020	5.100	4.845	-12.648	-17.403	-30.051
0.080	150.000	1.008	1.020	5.100	4.845	-11.805	-17.403	-29.208
0.080	160.000	1.008	1.020	5.100	4.845	-11.067	-17.403	-28.470
0.080	170.000	1.008	1.020	5.100	4.845	-10.416	-17.403	-27.819
0.080	180.000	1.008	1.020	5.100	4.845	-9.837	-17.403	-27.240
0.080	190.000	1.008	1.020	5.100	4.845	-9.320	-17.403	-26.723
0.080	200.000	1.008	1.020	5.100	4.845	-8.854	-17.403	-26.257

0.090	10.000	1.008	0.765	4.845	4.845	-209.603	-6.098	-215.700
0.090	20.000	1.008	0.765	4.845	4.845	-104.801	-6.098	-110.899
0.090	30.000	1.008	1.020	5.100	4.845	-59.024	-19.578	-78.603
0.090	40.000	1.008	1.020	4.845	5.100	-44.268	-19.578	-63.847
0.090	50.000	1.008	1.020	4.845	5.100	-35.415	-19.578	-54.993
0.090	60.000	1.008	1.020	4.845	5.100	-29.512	-19.578	-49.090
0.090	70.000	1.008	1.020	4.845	5.100	-25.296	-19.578	-44.874
0.090	80.000	1.008	1.020	4.845	5.100	-22.134	-19.578	-41.712
0.090	90.000	1.008	1.020	5.100	4.845	-19.675	-19.578	-39.253
0.090	100.000	1.008	1.020	4.845	5.100	-17.707	-19.578	-37.286
0.090	110.000	1.008	1.020	4.845	5.100	-16.098	-19.578	-35.676
0.090	120.000	1.008	1.020	5.100	4.845	-14.756	-19.578	-34.334
0.090	130.000	1.008	1.020	4.845	5.100	-13.621	-19.578	-33.199
0.090	140.000	1.008	1.020	5.100	4.845	-12.648	-19.578	-32.226
0.090	150.000	1.008	1.020	5.100	4.845	-11.805	-19.578	-31.383
0.090	160.000	1.008	1.020	5.100	4.845	-11.067	-19.578	-30.645
0.090	170.000	1.008	1.020	5.100	4.845	-10.416	-19.578	-29.994
0.090	180.000	1.008	1.020	5.100	4.845	-9.837	-19.578	-29.416
0.090	190.000	1.008	1.020	5.100	4.845	-9.320	-19.578	-28.898
0.090	200.000	1.008	1.020	5.100	4.845	-8.854	-19.578	-28.432

0.100	10.000	1.008	0.765	4.845	4.845	-209.603	-6.775	-216.378
0.100	20.000	1.008	0.765	4.845	4.845	-104.801	-6.775	-111.576
0.100	30.000	1.008	1.020	4.845	5.100	-59.024	-21.754	-80.778
0.100	40.000	1.008	1.020	4.845	5.100	-44.268	-21.754	-66.022
0.100	50.000	1.008	1.020	4.845	5.100	-35.415	-21.754	-57.168
0.100	60.000	1.008	1.020	4.845	5.100	-29.512	-21.754	-51.266
0.100	70.000	1.008	1.020	4.845	5.100	-25.296	-21.754	-47.050
0.100	80.000	1.008	1.020	4.845	5.100	-22.134	-21.754	-43.888
0.100	90.000	1.008	1.020	5.100	4.845	-19.675	-21.754	-41.428
0.100	100.000	1.008	1.020	4.845	5.100	-17.707	-21.754	-39.461
0.100	110.000	1.008	1.020	4.845	5.100	-16.098	-21.754	-37.851
0.100	120.000	1.008	1.020	5.100	4.845	-14.756	-21.754	-36.510
0.100	130.000	1.008	1.020	4.845	5.100	-13.621	-21.754	-35.375
0.100	140.000	1.008	1.020	5.100	4.845	-12.648	-21.754	-34.402
0.100	150.000	1.008	1.020	4.845	5.100	-11.805	-21.754	-33.558
0.100	160.000	1.008	1.020	5.100	4.845	-11.067	-21.754	-32.821
0.100	170.000	1.008	1.020	5.100	4.845	-10.416	-21.754	-32.170
0.100	180.000	1.008	1.020	5.100	4.845	-9.837	-21.754	-31.591
0.100	190.000	1.008	1.020	5.100	4.845	-9.320	-21.754	-31.073
0.100	200.000	1.008	1.020	5.100	4.845	-8.854	-21.754	-30.607

0.110	10.000	1.008	0.765	4.845	4.845	-209.603	-7.453	-217.055
0.110	20.000	1.008	1.020	4.845	5.100	-88.537	-23.929	-112.466
0.110	30.000	1.008	1.020	4.845	5.100	-59.024	-23.929	-82.953
0.110	40.000	1.008	1.020	4.845	5.100	-44.268	-23.929	-68.197
0.110	50.000	1.008	1.020	5.100	4.845	-35.415	-23.929	-59.344
0.110	60.000	1.008	1.020	5.100	4.845	-29.512	-23.929	-53.441
0.110	70.000	1.008	1.020	4.845	5.100	-25.296	-23.929	-49.225
0.110	80.000	1.008	1.020	4.845	5.100	-22.134	-23.929	-46.063
0.110	90.000	1.008	1.020	4.845	5.100	-19.675	-23.929	-43.604
0.110	100.000	1.008	1.020	4.845	5.100	-17.707	-23.929	-41.636
0.110	110.000	1.008	1.020	4.845	5.100	-16.098	-23.929	-40.027
0.110	120.000	1.008	1.020	5.100	4.845	-14.756	-23.929	-38.685
0.110	130.000	1.008	1.020	5.100	4.845	-13.621	-23.929	-37.550
0.110	140.000	1.008	1.020	4.845	5.100	-12.648	-23.929	-36.577
0.110	150.000	1.008	1.020	4.845	5.100	-11.805	-23.929	-35.734
0.110	160.000	1.008	1.020	4.845	5.100	-11.067	-23.929	-34.996
0.110	170.000	1.008	1.020	5.100	4.845	-10.416	-23.929	-34.345
0.110	180.000	1.008	1.020	5.100	4.845	-9.837	-23.929	-33.766
0.110	190.000	1.008	1.020	4.845	5.100	-9.320	-23.929	-33.249
0.110	200.000	1.008	1.020	4.845	5.100	-8.854	-23.929	-32.783

0.120	10.000	1.008	0.765	4.845	4.845	-209.603	-8.130	-217.733
0.120	20.000	1.008	1.020	4.845	5.100	-88.537	-26.104	-114.641
0.120	30.000	1.008	1.020	4.845	5.100	-59.024	-26.104	-85.129
0.120	40.000	1.008	1.020	5.100	4.845	-44.268	-26.104	-70.373
0.120	50.000	1.008	1.020	5.100	4.845	-35.415	-26.104	-61.519
0.120	60.000	1.008	1.020	5.100	4.845	-29.512	-26.104	-55.617
0.120	70.000	1.008	1.020	4.845	5.100	-25.296	-26.104	-51.400
0.120	80.000	1.008	1.020	4.845	5.100	-22.134	-26.104	-48.238
0.120	90.000	1.008	1.020	4.845	5.100	-19.675	-26.104	-45.779
0.120	100.000	1.008	1.020	4.845	5.100	-17.707	-26.104	-43.812
0.120	110.000	1.008	1.020	4.845	5.100	-16.098	-26.104	-42.202
0.120	120.000	1.008	1.020	5.100	4.845	-14.756	-26.104	-40.860
0.120	130.000	1.008	1.020	5.100	4.845	-13.621	-26.104	-39.725
0.120	140.000	1.008	1.020	4.845	5.100	-12.648	-26.104	-38.752
0.120	150.000	1.008	1.020	4.845	5.100	-11.805	-26.104	-37.909
0.120	160.000	1.008	1.020	4.845	5.100	-11.067	-26.104	-37.171
0.120	170.000	1.008	1.020	5.100	4.845	-10.416	-26.104	-36.520
0.120	180.000	1.008	1.020	5.100	4.845	-9.837	-26.104	-35.942
0.120	190.000	1.008	1.020	4.845	5.100	-9.320	-26.104	-35.424
0.120	200.000	1.008	1.020	4.845	5.100	-8.854	-26.104	-34.958

0.130	10.000	1.008	0.765	4.845	4.845	-209.603	-8.808	-218.410
0.130	20.000	1.008	1.020	4.845	5.100	-88.537	-28.280	-116.816
0.130	30.000	1.008	1.020	4.845	5.100	-59.024	-28.280	-87.304
0.130	40.000	1.008	1.020	4.845	5.100	-44.268	-28.280	-72.548
0.130	50.000	1.008	1.020	5.100	4.845	-35.415	-28.280	-63.694
0.130	60.000	1.008	1.020	5.100	4.845	-29.512	-28.280	-57.792
0.130	70.000	1.008	1.020	4.845	5.100	-25.296	-28.280	-53.576
0.130	80.000	1.008	1.020	4.845	5.100	-22.134	-28.280	-50.414
0.130	90.000	1.008	1.020	4.845	5.100	-19.675	-28.280	-47.954
0.130	100.000	1.008	1.020	4.845	5.100	-17.707	-28.280	-45.987
0.130	110.000	1.008	1.020	4.845	5.100	-16.098	-28.280	-44.377
0.130	120.000	1.008	1.020	5.100	4.845	-14.756	-28.280	-43.036
0.130	130.000	1.008	1.020	5.100	4.845	-13.621	-28.280	-41.901
0.130	140.000	1.008	1.020	4.845	5.100	-12.648	-28.280	-40.928
0.130	150.000	1.008	1.020	4.845	5.100	-11.805	-28.280	-40.085
0.130	160.000	1.008	1.020	4.845	5.100	-11.067	-28.280	-39.347
0.130	170.000	1.008	1.020	5.100	4.845	-10.416	-28.280	-38.696
0.130	180.000	1.008	1.020	5.100	4.845	-9.837	-28.280	-38.117
0.130	190.000	1.120	1.020	4.845	5.100	-7.707	-29.917	-37.623
0.130	200.000	1.120	1.020	4.845	5.100	-7.321	-29.917	-37.238

0.140	10.000	1.008	0.765	4.845	4.845	-209.603	-9.485	-219.088
0.140	20.000	1.008	1.020	4.845	5.100	-88.537	-30.455	-118.992
0.140	30.000	1.008	1.020	4.845	5.100	-59.024	-30.455	-89.479
0.140	40.000	1.008	1.020	4.845	5.100	-44.268	-30.455	-74.723
0.140	50.000	1.008	1.020	4.845	5.100	-35.415	-30.455	-65.870
0.140	60.000	1.008	1.020	5.100	4.845	-29.512	-30.455	-59.967
0.140	70.000	1.008	1.020	5.100	4.845	-25.296	-30.455	-55.751
0.140	80.000	1.008	1.020	5.100	4.845	-22.134	-30.455	-52.589
0.140	90.000	1.008	1.020	4.845	5.100	-19.675	-30.455	-50.130
0.140	100.000	1.008	1.020	5.100	4.845	-17.707	-30.455	-48.162
0.140	110.000	1.008	1.020	5.100	4.845	-16.098	-30.455	-46.553
0.140	120.000	1.008	1.020	4.845	5.100	-14.756	-30.455	-45.211
0.140	130.000	1.008	1.020	4.845	5.100	-13.621	-30.455	-44.076
0.140	140.000	1.008	1.020	5.100	4.845	-12.648	-30.455	-43.103
0.140	150.000	1.008	1.020	5.100	4.845	-11.805	-30.455	-42.260
0.140	160.000	1.008	1.020	5.100	4.845	-11.067	-30.455	-41.522
0.140	170.000	1.008	1.020	4.845	5.100	-10.416	-30.455	-40.871
0.140	180.000	1.120	1.020	4.845	5.100	-8.135	-32.218	-40.353
0.140	190.000	1.120	1.020	4.845	5.100	-7.707	-32.218	-39.924
0.140	200.000	1.120	1.020	4.845	5.100	-7.321	-32.218	-39.539

0.150	10.000	1.008	0.765	4.845	4.845	-209.603	-10.163	-219.765
0.150	20.000	1.008	1.020	5.100	4.845	-88.537	-32.630	-121.167
0.150	30.000	1.008	1.020	5.100	4.845	-59.024	-32.630	-91.655
0.150	40.000	1.008	1.020	5.100	4.845	-44.268	-32.630	-76.899
0.150	50.000	1.008	1.020	5.100	4.845	-35.415	-32.630	-68.045
0.150	60.000	1.008	1.020	5.100	4.845	-29.512	-32.630	-62.143
0.150	70.000	1.008	1.020	5.100	4.845	-25.296	-32.630	-57.927
0.150	80.000	1.008	1.020	5.100	4.845	-22.134	-32.630	-54.765
0.150	90.000	1.008	1.020	5.100	4.845	-19.675	-32.630	-52.305
0.150	100.000	1.008	1.020	5.100	4.845	-17.707	-32.630	-50.338
0.150	110.000	1.008	1.020	5.100	4.845	-16.098	-32.630	-48.728
0.150	120.000	1.008	1.020	4.845	5.100	-14.756	-32.630	-47.387
0.150	130.000	1.008	1.020	5.100	4.845	-13.621	-32.630	-46.251
0.150	140.000	1.008	1.020	5.100	4.845	-12.648	-32.630	-45.278
0.150	150.000	1.008	1.020	5.100	4.845	-11.805	-32.630	-44.435
0.150	160.000	1.008	1.020	5.100	4.845	-11.067	-32.630	-43.697
0.150	170.000	1.120	1.020	4.845	5.100	-8.613	-34.519	-43.132
0.150	180.000	1.120	1.020	4.845	5.100	-8.135	-34.519	-42.654
0.150	190.000	1.120	1.020	4.845	5.100	-7.707	-34.519	-42.226
0.150	200.000	1.120	1.020	4.845	5.100	-7.321	-34.519	-41.840

0.160	10.000	1.008	0.765	4.845	4.845	-209.603	-10.840	-220.443
0.160	20.000	1.008	1.020	4.845	5.100	-88.537	-34.806	-123.342
0.160	30.000	1.008	1.020	4.845	5.100	-59.024	-34.806	-93.830
0.160	40.000	1.008	1.020	4.845	5.100	-44.268	-34.806	-79.074
0.160	50.000	1.008	1.020	4.845	5.100	-35.415	-34.806	-70.220
0.160	60.000	1.008	1.020	5.100	4.845	-29.512	-34.806	-64.318
0.160	70.000	1.008	1.020	5.100	4.845	-25.296	-34.806	-60.102
0.160	80.000	1.008	1.020	5.100	4.845	-22.134	-34.806	-56.940
0.160	90.000	1.008	1.020	5.100	4.845	-19.675	-34.806	-54.481
0.160	100.000	1.008	1.020	5.100	4.845	-17.707	-34.806	-52.513
0.160	110.000	1.008	1.020	5.100	4.845	-16.098	-34.806	-50.903
0.160	120.000	1.008	1.020	4.845	5.100	-14.756	-34.806	-49.562
0.160	130.000	1.008	1.020	5.100	4.845	-13.621	-34.806	-48.427
0.160	140.000	1.008	1.020	5.100	4.845	-12.648	-34.806	-47.454
0.160	150.000	1.008	1.020	5.100	4.845	-11.805	-34.806	-46.611
0.160	160.000	1.120	1.020	4.845	5.100	-9.152	-36.820	-45.972
0.160	170.000	1.120	1.020	4.845	5.100	-8.613	-36.820	-45.434
0.160	180.000	1.120	1.020	4.845	5.100	-8.135	-36.820	-44.955
0.160	190.000	1.120	1.020	4.845	5.100	-7.707	-36.820	-44.527
0.160	200.000	1.120	1.020	4.845	5.100	-7.321	-36.820	-44.142

0.170	10.000	1.008	0.765	4.845	4.845	-209.603	-11.518	-221.120
0.170	20.000	1.008	1.020	5.100	4.845	-88.537	-36.981	-125.518
0.170	30.000	1.008	1.020	5.100	4.845	-59.024	-36.981	-96.006
0.170	40.000	1.008	1.020	5.100	4.845	-44.268	-36.981	-81.249
0.170	50.000	1.008	1.020	5.100	4.845	-35.415	-36.981	-72.396
0.170	60.000	1.008	1.020	4.845	5.100	-29.512	-36.981	-66.493
0.170	70.000	1.008	1.020	5.100	4.845	-25.296	-36.981	-62.277
0.170	80.000	1.008	1.020	5.100	4.845	-22.134	-36.981	-59.115
0.170	90.000	1.008	1.020	5.100	4.845	-19.675	-36.981	-56.656
0.170	100.000	1.008	1.020	5.100	4.845	-17.707	-36.981	-54.688
0.170	110.000	1.008	1.020	5.100	4.845	-16.098	-36.981	-53.079
0.170	120.000	1.008	1.020	4.845	5.100	-14.756	-36.981	-51.737
0.170	130.000	1.008	1.020	5.100	4.845	-13.621	-36.981	-50.602
0.170	140.000	1.008	1.020	5.100	4.845	-12.648	-36.981	-49.629
0.170	150.000	1.120	1.020	4.845	5.100	-9.762	-39.122	-48.883
0.170	160.000	1.120	1.020	4.845	5.100	-9.152	-39.122	-48.273
0.170	170.000	1.120	1.020	4.845	5.100	-8.613	-39.122	-47.735
0.170	180.000	1.120	1.020	4.845	5.100	-8.135	-39.122	-47.256
0.170	190.000	1.120	1.020	4.845	5.100	-7.707	-39.122	-46.828
0.170	200.000	1.120	1.020	4.845	5.100	-7.321	-39.122	-46.443

0.180	10.000	1.008	0.765	4.845	4.845	-209.603	-12.195	-221.798
0.180	20.000	1.008	1.020	5.100	4.845	-88.537	-39.156	-127.693
0.180	30.000	1.008	1.020	5.100	4.845	-59.024	-39.156	-98.181
0.180	40.000	1.008	1.020	4.845	5.100	-44.268	-39.156	-83.425
0.180	50.000	1.008	1.020	4.845	5.100	-35.415	-39.156	-74.571
0.180	60.000	1.008	1.020	5.100	4.845	-29.512	-39.156	-68.669
0.180	70.000	1.008	1.020	4.845	5.100	-25.296	-39.156	-64.453
0.180	80.000	1.008	1.020	4.845	5.100	-22.134	-39.156	-61.291
0.180	90.000	1.008	1.020	5.100	4.845	-19.675	-39.156	-58.831
0.180	100.000	1.008	1.020	4.845	5.100	-17.707	-39.156	-56.864
0.180	110.000	1.008	1.020	4.845	5.100	-16.098	-39.156	-55.254
0.180	120.000	1.008	1.020	5.100	4.845	-14.756	-39.156	-53.913
0.180	130.000	1.008	1.020	5.100	4.845	-13.621	-39.156	-52.778
0.180	140.000	1.120	1.020	4.845	5.100	-10.459	-41.423	-51.882
0.180	150.000	1.120	1.020	4.845	5.100	-9.762	-41.423	-51.185
0.180	160.000	1.120	1.020	4.845	5.100	-9.152	-41.423	-50.574
0.180	170.000	1.120	1.020	4.845	5.100	-8.613	-41.423	-50.036
0.180	180.000	1.120	1.020	4.845	5.100	-8.135	-41.423	-49.558
0.180	190.000	1.120	1.020	4.845	5.100	-7.707	-41.423	-49.129
0.180	200.000	1.120	1.020	4.845	5.100	-7.321	-41.423	-48.744

0.190	10.000	1.008	0.765	4.845	4.845	-209.603	-12.873	-222.475
0.190	20.000	1.008	1.020	4.845	5.100	-88.537	-41.332	-129.868
0.190	30.000	1.008	1.020	5.100	4.845	-59.024	-41.332	-100.356
0.190	40.000	1.008	1.020	5.100	4.845	-44.268	-41.332	-85.600
0.190	50.000	1.008	1.020	5.100	4.845	-35.415	-41.332	-76.746
0.190	60.000	1.008	1.020	4.845	5.100	-29.512	-41.332	-70.844
0.190	70.000	1.008	1.020	5.100	4.845	-25.296	-41.332	-66.628
0.190	80.000	1.008	1.020	5.100	4.845	-22.134	-41.332	-63.466
0.190	90.000	1.008	1.020	5.100	4.845	-19.675	-41.332	-61.007
0.190	100.000	1.008	1.020	5.100	4.845	-17.707	-41.332	-59.039
0.190	110.000	1.008	1.020	5.100	4.845	-16.098	-41.332	-57.429
0.190	120.000	1.008	1.020	4.845	5.100	-14.756	-41.332	-56.088
0.190	130.000	1.120	1.020	4.845	5.100	-11.264	-43.724	-54.988
0.190	140.000	1.120	1.020	4.845	5.100	-10.459	-43.724	-54.183
0.190	150.000	1.120	1.020	4.845	5.100	-9.762	-43.724	-53.486
0.190	160.000	1.120	1.020	4.845	5.100	-9.152	-43.724	-52.876
0.190	170.000	1.120	1.020	4.845	5.100	-8.613	-43.724	-52.337
0.190	180.000	1.120	1.020	4.845	5.100	-8.135	-43.724	-51.859
0.190	190.000	1.120	1.020	4.845	5.100	-7.707	-43.724	-51.431
0.190	200.000	1.120	1.020	4.845	5.100	-7.321	-43.724	-51.045

0.200	10.000	1.008	0.765	4.845	4.845	-209.603	-13.550	-223.153
0.200	20.000	1.008	1.020	5.100	4.845	-88.537	-43.507	-132.044
0.200	30.000	1.008	1.020	5.100	4.845	-59.024	-43.507	-102.532
0.200	40.000	1.008	1.020	4.845	5.100	-44.268	-43.507	-87.776
0.200	50.000	1.008	1.020	4.845	5.100	-35.415	-43.507	-78.922
0.200	60.000	1.008	1.020	5.100	4.845	-29.512	-43.507	-73.019
0.200	70.000	1.008	1.020	4.845	5.100	-25.296	-43.507	-68.803
0.200	80.000	1.008	1.020	4.845	5.100	-22.134	-43.507	-65.641
0.200	90.000	1.008	1.020	5.100	4.845	-19.675	-43.507	-63.182
0.200	100.000	1.008	1.020	4.845	5.100	-17.707	-43.507	-61.215
0.200	110.000	1.008	1.020	4.845	5.100	-16.098	-43.507	-59.605
0.200	120.000	1.008	1.020	5.100	4.845	-14.756	-43.507	-58.263
0.200	130.000	1.120	1.020	4.845	5.100	-11.264	-46.025	-57.289
0.200	140.000	1.120	1.020	4.845	5.100	-10.459	-46.025	-56.484
0.200	150.000	1.120	1.020	4.845	5.100	-9.762	-46.025	-55.787
0.200	160.000	1.120	1.020	4.845	5.100	-9.152	-46.025	-55.177
0.200	170.000	1.120	1.020	4.845	5.100	-8.613	-46.025	-54.639
0.200	180.000	1.120	1.020	4.845	5.100	-8.135	-46.025	-54.160
0.200	190.000	1.120	1.020	4.845	5.100	-7.707	-46.025	-53.732
0.200	200.000	1.120	1.020	4.845	5.100	-7.321	-46.025	-53.347

0.210	10.000	1.008	0.765	4.845	4.845	-209.603	-14.228	-223.830
0.210	20.000	1.008	1.020	4.845	5.100	-88.537	-45.683	-134.219
0.210	30.000	1.008	1.020	4.845	5.100	-59.024	-45.683	-104.707
0.210	40.000	1.008	1.020	5.100	4.845	-44.268	-45.683	-89.951
0.210	50.000	1.008	1.020	5.100	4.845	-35.415	-45.683	-81.097
0.210	60.000	1.008	1.020	4.845	5.100	-29.512	-45.683	-75.195
0.210	70.000	1.008	1.020	4.845	5.100	-25.296	-45.683	-70.979
0.210	80.000	1.008	1.020	4.845	5.100	-22.134	-45.683	-67.817
0.210	90.000	1.008	1.020	4.845	5.100	-19.675	-45.683	-65.357
0.210	100.000	1.008	1.020	4.845	5.100	-17.707	-45.683	-63.390
0.210	110.000	1.008	1.020	4.845	5.100	-16.098	-45.683	-61.780
0.210	120.000	1.120	1.020	4.845	5.100	-12.202	-48.327	-60.529
0.210	130.000	1.120	1.020	4.845	5.100	-11.264	-48.327	-59.590
0.210	140.000	1.120	1.020	4.845	5.100	-10.459	-48.327	-58.786
0.210	150.000	1.120	1.020	4.845	5.100	-9.762	-48.327	-58.088
0.210	160.000	1.120	1.020	4.845	5.100	-9.152	-48.327	-57.478
0.210	170.000	1.120	1.020	4.845	5.100	-8.613	-48.327	-56.940
0.210	180.000	1.120	1.020	4.845	5.100	-8.135	-48.327	-56.461
0.210	190.000	1.120	1.020	4.845	5.100	-7.707	-48.327	-56.033
0.210	200.000	1.120	1.020	4.845	5.100	-7.321	-48.327	-55.648

0.220	10.000	1.008	1.020	4.845	5.100	-177.073	-47.858	-224.931
0.220	20.000	1.008	1.020	4.845	5.100	-88.537	-47.858	-136.395
0.220	30.000	1.008	1.020	5.100	4.845	-59.024	-47.858	-106.882
0.220	40.000	1.008	1.020	4.845	5.100	-44.268	-47.858	-92.126
0.220	50.000	1.008	1.020	4.845	5.100	-35.415	-47.858	-83.273
0.220	60.000	1.008	1.020	5.100	4.845	-29.512	-47.858	-77.370
0.220	70.000	1.008	1.020	4.845	5.100	-25.296	-47.858	-73.154
0.220	80.000	1.008	1.020	4.845	5.100	-22.134	-47.858	-69.992
0.220	90.000	1.008	1.020	5.100	4.845	-19.675	-47.858	-67.533
0.220	100.000	1.008	1.020	4.845	5.100	-17.707	-47.858	-65.565
0.220	110.000	1.008	1.020	4.845	5.100	-16.098	-47.858	-63.955
0.220	120.000	1.120	1.020	4.845	5.100	-12.202	-50.628	-62.830
0.220	130.000	1.120	1.020	4.845	5.100	-11.264	-50.628	-61.891
0.220	140.000	1.120	1.020	4.845	5.100	-10.459	-50.628	-61.087
0.220	150.000	1.120	1.020	4.845	5.100	-9.762	-50.628	-60.390
0.220	160.000	1.120	1.020	4.845	5.100	-9.152	-50.628	-59.780
0.220	170.000	1.120	1.020	4.845	5.100	-8.613	-50.628	-59.241
0.220	180.000	1.120	1.020	4.845	5.100	-8.135	-50.628	-58.763
0.220	190.000	1.120	1.020	4.845	5.100	-7.707	-50.628	-58.335
0.220	200.000	1.120	1.020	4.845	5.100	-7.321	-50.628	-57.949

0.230	10.000	1.008	1.020	4.845	5.100	-177.073	-50.033	-227.107
0.230	20.000	1.008	1.020	4.845	5.100	-88.537	-50.033	-138.570
0.230	30.000	1.008	1.020	4.845	5.100	-59.024	-50.033	-109.058
0.230	40.000	1.008	1.020	5.100	4.845	-44.268	-50.033	-94.302
0.230	50.000	1.008	1.020	5.100	4.845	-35.415	-50.033	-85.448
0.230	60.000	1.008	1.020	4.845	5.100	-29.512	-50.033	-79.545
0.230	70.000	1.008	1.020	4.845	5.100	-25.296	-50.033	-75.329
0.230	80.000	1.008	1.020	4.845	5.100	-22.134	-50.033	-72.167
0.230	90.000	1.008	1.020	4.845	5.100	-19.675	-50.033	-69.708
0.230	100.000	1.008	1.020	4.845	5.100	-17.707	-50.033	-67.741
0.230	110.000	1.120	1.020	4.845	5.100	-13.311	-52.929	-66.241
0.230	120.000	1.120	1.020	4.845	5.100	-12.202	-52.929	-65.131
0.230	130.000	1.120	1.020	4.845	5.100	-11.264	-52.929	-64.193
0.230	140.000	1.120	1.020	4.845	5.100	-10.459	-52.929	-63.388
0.230	150.000	1.120	1.020	4.845	5.100	-9.762	-52.929	-62.691
0.230	160.000	1.120	1.020	4.845	5.100	-9.152	-52.929	-62.081
0.230	170.000	1.120	1.020	4.845	5.100	-8.613	-52.929	-61.543
0.230	180.000	1.120	1.020	4.845	5.100	-8.135	-52.929	-61.064
0.230	190.000	1.120	1.020	4.845	5.100	-7.707	-52.929	-60.636
0.230	200.000	1.120	1.020	4.845	5.100	-7.321	-52.929	-60.251

0.240	10.000	1.008	1.020	4.845	5.100	-177.073	-52.209	-229.282
0.240	20.000	1.008	1.020	5.100	4.845	-88.537	-52.209	-140.745
0.240	30.000	1.008	1.020	5.100	4.845	-59.024	-52.209	-111.233
0.240	40.000	1.008	1.020	4.845	5.100	-44.268	-52.209	-96.477
0.240	50.000	1.008	1.020	4.845	5.100	-35.415	-52.209	-87.623
0.240	60.000	1.008	1.020	5.100	4.845	-29.512	-52.209	-81.721
0.240	70.000	1.008	1.020	4.845	5.100	-25.296	-52.209	-77.505
0.240	80.000	1.008	1.020	4.845	5.100	-22.134	-52.209	-74.343
0.240	90.000	1.008	1.020	5.100	4.845	-19.675	-52.209	-71.883
0.240	100.000	1.008	1.020	4.845	5.100	-17.707	-52.209	-69.916
0.240	110.000	1.120	1.020	4.845	5.100	-13.311	-55.230	-68.542
0.240	120.000	1.120	1.020	4.845	5.100	-12.202	-55.230	-67.433
0.240	130.000	1.120	1.020	4.845	5.100	-11.264	-55.230	-66.494
0.240	140.000	1.120	1.020	4.845	5.100	-10.459	-55.230	-65.689
0.240	150.000	1.120	1.020	4.845	5.100	-9.762	-55.230	-64.992
0.240	160.000	1.120	1.020	4.845	5.100	-9.152	-55.230	-64.382
0.240	170.000	1.120	1.020	4.845	5.100	-8.613	-55.230	-63.844
0.240	180.000	1.120	1.020	4.845	5.100	-8.135	-55.230	-63.365
0.240	190.000	1.120	1.020	4.845	5.100	-7.707	-55.230	-62.937
0.240	200.000	1.120	1.020	4.845	5.100	-7.321	-55.230	-62.552

0.250	10.000	1.008	1.020	5.100	4.845	-177.073	-54.384	-231.457
0.250	20.000	1.008	1.020	4.845	5.100	-88.537	-54.384	-142.921
0.250	30.000	1.008	1.020	4.845	5.100	-59.024	-54.384	-113.408
0.250	40.000	1.008	1.020	5.100	4.845	-44.268	-54.384	-98.652
0.250	50.000	1.008	1.020	5.100	4.845	-35.415	-54.384	-89.799
0.250	60.000	1.008	1.020	4.845	5.100	-29.512	-54.384	-83.896
0.250	70.000	1.008	1.020	4.845	5.100	-25.296	-54.384	-79.680
0.250	80.000	1.008	1.020	4.845	5.100	-22.134	-54.384	-76.518
0.250	90.000	1.008	1.020	4.845	5.100	-19.675	-54.384	-74.059
0.250	100.000	1.120	1.020	4.845	5.100	-14.643	-57.532	-72.174
0.250	110.000	1.120	1.020	4.845	5.100	-13.311	-57.532	-70.843
0.250	120.000	1.120	1.020	4.845	5.100	-12.202	-57.532	-69.734
0.250	130.000	1.120	1.020	4.845	5.100	-11.264	-57.532	-68.795
0.250	140.000	1.120	1.020	4.845	5.100	-10.459	-57.532	-67.991
0.250	150.000	1.120	1.020	4.845	5.100	-9.762	-57.532	-67.293
0.250	160.000	1.120	1.020	4.845	5.100	-9.152	-57.532	-66.683
0.250	170.000	1.120	1.020	4.845	5.100	-8.613	-57.532	-66.145
0.250	180.000	1.120	1.020	4.845	5.100	-8.135	-57.532	-65.667
0.250	190.000	1.120	1.020	4.845	5.100	-7.707	-57.532	-65.238
0.250	200.000	1.120	1.020	4.845	5.100	-7.321	-57.532	-64.853

0.260	10.000	1.008	1.020	4.845	5.100	-177.073	-56.559	-233.633
0.260	20.000	1.008	1.020	4.845	5.100	-88.537	-56.559	-145.096
0.260	30.000	1.008	1.020	5.100	4.845	-59.024	-56.559	-115.584
0.260	40.000	1.008	1.020	4.845	5.100	-44.268	-56.559	-100.828
0.260	50.000	1.008	1.020	4.845	5.100	-35.415	-56.559	-91.974
0.260	60.000	1.008	1.020	5.100	4.845	-29.512	-56.559	-86.072
0.260	70.000	1.008	1.020	4.845	5.100	-25.296	-56.559	-81.856
0.260	80.000	1.008	1.020	4.845	5.100	-22.134	-56.559	-78.694
0.260	90.000	1.008	1.020	5.100	4.845	-19.675	-56.559	-76.234
0.260	100.000	1.120	1.020	4.845	5.100	-14.643	-59.833	-74.476
0.260	110.000	1.120	1.020	4.845	5.100	-13.311	-59.833	-73.144
0.260	120.000	1.120	1.020	4.845	5.100	-12.202	-59.833	-72.035
0.260	130.000	1.120	1.020	4.845	5.100	-11.264	-59.833	-71.097
0.260	140.000	1.120	1.020	4.845	5.100	-10.459	-59.833	-70.292
0.260	150.000	1.120	1.020	4.845	5.100	-9.762	-59.833	-69.595
0.260	160.000	1.120	1.020	4.845	5.100	-9.152	-59.833	-68.985
0.260	170.000	1.120	1.020	4.845	5.100	-8.613	-59.833	-68.446
0.260	180.000	1.120	1.020	4.845	5.100	-8.135	-59.833	-67.968
0.260	190.000	1.120	1.020	4.845	5.100	-7.707	-59.833	-67.540
0.260	200.000	1.120	1.020	4.845	5.100	-7.321	-59.833	-67.154

0.270	10.000	1.008	1.020	5.100	4.845	-177.073	-58.735	-235.808
0.270	20.000	1.008	1.020	4.845	5.100	-88.537	-58.735	-147.271
0.270	30.000	1.008	1.020	4.845	5.100	-59.024	-58.735	-117.759
0.270	40.000	1.008	1.020	4.845	5.100	-44.268	-58.735	-103.003
0.270	50.000	1.008	1.020	4.845	5.100	-35.415	-58.735	-94.149
0.270	60.000	1.008	1.020	5.100	4.845	-29.512	-58.735	-88.247
0.270	70.000	1.008	1.020	5.100	4.845	-25.296	-58.735	-84.031
0.270	80.000	1.008	1.020	5.100	4.845	-22.134	-58.735	-80.869
0.270	90.000	1.008	1.020	4.845	5.100	-19.675	-58.735	-78.410
0.270	100.000	1.120	1.020	4.845	5.100	-14.643	-62.134	-76.777
0.270	110.000	1.120	1.020	4.845	5.100	-13.311	-62.134	-75.446
0.270	120.000	1.120	1.020	4.845	5.100	-12.202	-62.134	-74.336
0.270	130.000	1.120	1.020	4.845	5.100	-11.264	-62.134	-73.398
0.270	140.000	1.120	1.020	4.845	5.100	-10.459	-62.134	-72.593
0.270	150.000	1.120	1.020	4.845	5.100	-9.762	-62.134	-71.896
0.270	160.000	1.120	1.020	4.845	5.100	-9.152	-62.134	-71.286
0.270	170.000	1.120	1.020	4.845	5.100	-8.613	-62.134	-70.748
0.270	180.000	1.120	1.020	4.845	5.100	-8.135	-62.134	-70.269
0.270	190.000	1.120	1.020	4.845	5.100	-7.707	-62.134	-69.841
0.270	200.000	1.120	1.020	4.845	5.100	-7.321	-62.134	-69.456

0.280	10.000	1.008	1.020	4.845	5.100	-177.073	-60.910	-237.983
0.280	20.000	1.008	1.020	4.845	5.100	-88.537	-60.910	-149.447
0.280	30.000	1.008	1.020	5.100	4.845	-59.024	-60.910	-119.934
0.280	40.000	1.008	1.020	5.100	4.845	-44.268	-60.910	-105.178
0.280	50.000	1.008	1.020	5.100	4.845	-35.415	-60.910	-96.325
0.280	60.000	1.008	1.020	4.845	5.100	-29.512	-60.910	-90.422
0.280	70.000	1.008	1.020	5.100	4.845	-25.296	-60.910	-86.206
0.280	80.000	1.008	1.020	5.100	4.845	-22.134	-60.910	-83.044
0.280	90.000	1.120	1.020	4.845	5.100	-16.270	-64.436	-80.705
0.280	100.000	1.120	1.020	4.845	5.100	-14.643	-64.436	-79.078
0.280	110.000	1.120	1.020	4.845	5.100	-13.311	-64.436	-77.747
0.280	120.000	1.120	1.020	4.845	5.100	-12.202	-64.436	-76.638
0.280	130.000	1.120	1.020	4.845	5.100	-11.264	-64.436	-75.699
0.280	140.000	1.120	1.020	4.845	5.100	-10.459	-64.436	-74.895
0.280	150.000	1.120	1.020	4.845	5.100	-9.762	-64.436	-74.197
0.280	160.000	1.120	1.020	4.845	5.100	-9.152	-64.436	-73.587
0.280	170.000	1.120	1.020	4.845	5.100	-8.613	-64.436	-73.049
0.280	180.000	1.120	1.020	4.845	5.100	-8.135	-64.436	-72.570
0.280	190.000	1.120	1.020	4.845	5.100	-7.707	-64.436	-72.142
0.280	200.000	1.120	1.020	4.845	5.100	-7.321	-64.436	-71.757

0.290	10.000	1.008	1.020	4.845	5.100	-177.073	-63.085	-240.159
0.290	20.000	1.008	1.020	5.100	4.845	-88.537	-63.085	-151.622
0.290	30.000	1.008	1.020	5.100	4.845	-59.024	-63.085	-122.110
0.290	40.000	1.008	1.020	4.845	5.100	-44.268	-63.085	-107.354
0.290	50.000	1.008	1.020	4.845	5.100	-35.415	-63.085	-98.500
0.290	60.000	1.008	1.020	5.100	4.845	-29.512	-63.085	-92.598
0.290	70.000	1.008	1.020	4.845	5.100	-25.296	-63.085	-88.382
0.290	80.000	1.008	1.020	4.845	5.100	-22.134	-63.085	-85.220
0.290	90.000	1.120	1.020	4.845	5.100	-16.270	-66.737	-83.006
0.290	100.000	1.120	1.020	4.845	5.100	-14.643	-66.737	-81.379
0.290	110.000	1.120	1.020	4.845	5.100	-13.311	-66.737	-80.048
0.290	120.000	1.120	1.020	4.845	5.100	-12.202	-66.737	-78.939
0.290	130.000	1.120	1.020	4.845	5.100	-11.264	-66.737	-78.000
0.290	140.000	1.120	1.020	4.845	5.100	-10.459	-66.737	-77.196
0.290	150.000	1.120	1.020	4.845	5.100	-9.762	-66.737	-76.499
0.290	160.000	1.120	1.020	4.845	5.100	-9.152	-66.737	-75.888
0.290	170.000	1.120	1.020	4.845	5.100	-8.613	-66.737	-75.350
0.290	180.000	1.120	1.020	4.845	5.100	-8.135	-66.737	-74.872
0.290	190.000	1.120	1.020	4.845	5.100	-7.707	-66.737	-74.443
0.290	200.000	1.120	1.020	4.845	5.100	-7.321	-66.737	-74.058

0.300	10.000	1.008	1.020	4.845	5.100	-177.073	-65.261	-242.334
0.300	20.000	1.008	1.020	4.845	5.100	-88.537	-65.261	-153.797
0.300	30.000	1.008	1.020	4.845	5.100	-59.024	-65.261	-124.285
0.300	40.000	1.008	1.020	4.845	5.100	-44.268	-65.261	-109.529
0.300	50.000	1.008	1.020	4.845	5.100	-35.415	-65.261	-100.675
0.300	60.000	1.008	1.020	4.845	5.100	-29.512	-65.261	-94.773
0.300	70.000	1.008	1.020	4.845	5.100	-25.296	-65.261	-90.557
0.300	80.000	1.008	1.020	4.845	5.100	-22.134	-65.261	-87.395
0.300	90.000	1.120	1.020	4.845	5.100	-16.270	-69.038	-85.308
0.300	100.000	1.120	1.020	4.845	5.100	-14.643	-69.038	-83.681
0.300	110.000	1.120	1.020	4.845	5.100	-13.311	-69.038	-82.350
0.300	120.000	1.120	1.020	4.845	5.100	-12.202	-69.038	-81.240
0.300	130.000	1.120	1.020	4.845	5.100	-11.264	-69.038	-80.302
0.300	140.000	1.120	1.020	4.845	5.100	-10.459	-69.038	-79.497
0.300	150.000	1.120	1.020	4.845	5.100	-9.762	-69.038	-78.800
0.300	160.000	1.120	1.020	4.845	5.100	-9.152	-69.038	-78.190
0.300	170.000	1.120	1.020	4.845	5.100	-8.613	-69.038	-77.651
0.300	180.000	1.120	1.020	4.845	5.100	-8.135	-69.038	-77.173
0.300	190.000	1.120	1.020	4.845	5.100	-7.707	-69.038	-76.745
0.300	200.000	1.120	1.020	4.845	5.100	-7.321	-69.038	-76.359

0.310	10.000	1.008	1.020	4.845	5.100	-177.073	-67.436	-244.509
0.310	20.000	1.008	1.020	4.845	5.100	-88.537	-67.436	-155.973
0.310	30.000	1.008	1.020	4.845	5.100	-59.024	-67.436	-126.461
0.310	40.000	1.008	1.020	4.845	5.100	-44.268	-67.436	-111.704
0.310	50.000	1.008	1.020	4.845	5.100	-35.415	-67.436	-102.851
0.310	60.000	1.008	1.020	4.845	5.100	-29.512	-67.436	-96.948
0.310	70.000	1.008	1.020	4.845	5.100	-25.296	-67.436	-92.732
0.310	80.000	1.120	1.020	4.845	5.100	-18.303	-71.339	-89.643
0.310	90.000	1.120	1.020	4.845	5.100	-16.270	-71.339	-87.609
0.310	100.000	1.120	1.020	4.845	5.100	-14.643	-71.339	-85.982
0.310	110.000	1.120	1.020	4.845	5.100	-13.311	-71.339	-84.651
0.310	120.000	1.120	1.020	4.845	5.100	-12.202	-71.339	-83.542
0.310	130.000	1.120	1.020	4.845	5.100	-11.264	-71.339	-82.603
0.310	140.000	1.120	1.020	4.845	5.100	-10.459	-71.339	-81.798
0.310	150.000	1.120	1.020	4.845	5.100	-9.762	-71.339	-81.101
0.310	160.000	1.120	1.020	4.845	5.100	-9.152	-71.339	-80.491
0.310	170.000	1.120	1.020	4.845	5.100	-8.613	-71.339	-79.953
0.310	180.000	1.120	1.020	4.845	5.100	-8.135	-71.339	-79.474
0.310	190.000	1.120	1.020	4.845	5.100	-7.707	-71.339	-79.046
0.310	200.000	1.120	1.020	4.845	5.100	-7.321	-71.339	-78.661

0.320	10.000	1.008	1.020	4.845	5.100	-177.073	-69.612	-246.685
0.320	20.000	1.008	1.020	4.845	5.100	-88.537	-69.612	-158.148
0.320	30.000	1.008	1.020	5.100	4.845	-59.024	-69.612	-128.636
0.320	40.000	1.008	1.020	5.100	4.845	-44.268	-69.612	-113.880
0.320	50.000	1.008	1.020	5.100	4.845	-35.415	-69.612	-105.026
0.320	60.000	1.008	1.020	4.845	5.100	-29.512	-69.612	-99.124
0.320	70.000	1.008	1.020	5.100	4.845	-25.296	-69.612	-94.908
0.320	80.000	1.120	1.020	4.845	5.100	-18.303	-73.641	-91.944
0.320	90.000	1.120	1.020	4.845	5.100	-16.270	-73.641	-89.910
0.320	100.000	1.120	1.020	4.845	5.100	-14.643	-73.641	-88.283
0.320	110.000	1.120	1.020	4.845	5.100	-13.311	-73.641	-86.952
0.320	120.000	1.120	1.020	4.845	5.100	-12.202	-73.641	-85.843
0.320	130.000	1.120	1.020	4.845	5.100	-11.264	-73.641	-84.904
0.320	140.000	1.120	1.020	4.845	5.100	-10.459	-73.641	-84.100
0.320	150.000	1.120	1.020	4.845	5.100	-9.762	-73.641	-83.402
0.320	160.000	1.120	1.020	4.845	5.100	-9.152	-73.641	-82.792
0.320	170.000	1.120	1.020	4.845	5.100	-8.613	-73.641	-82.254
0.320	180.000	1.120	1.020	4.845	5.100	-8.135	-73.641	-81.775
0.320	190.000	1.120	1.020	4.845	5.100	-7.707	-73.641	-81.347
0.320	200.000	1.120	1.020	4.845	5.100	-7.321	-73.641	-80.962

0.330	10.000	1.008	1.020	4.845	5.100	-177.073	-71.787	-248.860
0.330	20.000	1.008	1.020	5.100	4.845	-88.537	-71.787	-160.324
0.330	30.000	1.008	1.020	4.845	5.100	-59.024	-71.787	-130.811
0.330	40.000	1.008	1.020	4.845	5.100	-44.268	-71.787	-116.055
0.330	50.000	1.008	1.020	4.845	5.100	-35.415	-71.787	-107.202
0.330	60.000	1.008	1.020	5.100	4.845	-29.512	-71.787	-101.299
0.330	70.000	1.008	1.020	5.100	4.845	-25.296	-71.787	-97.083
0.330	80.000	1.120	1.020	4.845	5.100	-18.303	-75.942	-94.245
0.330	90.000	1.120	1.020	4.845	5.100	-16.270	-75.942	-92.211
0.330	100.000	1.120	1.020	4.845	5.100	-14.643	-75.942	-90.585
0.330	110.000	1.120	1.020	4.845	5.100	-13.311	-75.942	-89.253
0.330	120.000	1.120	1.020	4.845	5.100	-12.202	-75.942	-88.144
0.330	130.000	1.120	1.020	4.845	5.100	-11.264	-75.942	-87.205
0.330	140.000	1.120	1.020	4.845	5.100	-10.459	-75.942	-86.401
0.330	150.000	1.120	1.020	4.845	5.100	-9.762	-75.942	-85.704
0.330	160.000	1.120	1.020	4.845	5.100	-9.152	-75.942	-85.094
0.330	170.000	1.120	1.020	4.845	5.100	-8.613	-75.942	-84.555
0.330	180.000	1.120	1.020	4.845	5.100	-8.135	-75.942	-84.077
0.330	190.000	1.120	1.020	4.845	5.100	-7.707	-75.942	-83.649
0.330	200.000	1.120	1.020	4.845	5.100	-7.321	-75.942	-83.263

0.340	10.000	1.008	1.020	5.100	4.845	-177.073	-73.962	-251.035
0.340	20.000	1.008	1.020	5.100	4.845	-88.537	-73.962	-162.499
0.340	30.000	1.008	1.020	4.845	5.100	-59.024	-73.962	-132.987
0.340	40.000	1.008	1.020	5.100	4.845	-44.268	-73.962	-118.231
0.340	50.000	1.008	1.020	5.100	4.845	-35.415	-73.962	-109.377
0.340	60.000	1.008	1.020	4.845	5.100	-29.512	-73.962	-103.474
0.340	70.000	1.008	1.020	5.100	4.845	-25.296	-73.962	-99.258
0.340	80.000	1.120	1.020	4.845	5.100	-18.303	-78.243	-96.546
0.340	90.000	1.120	1.020	4.845	5.100	-16.270	-78.243	-94.513
0.340	100.000	1.120	1.020	4.845	5.100	-14.643	-78.243	-92.886
0.340	110.000	1.120	1.020	4.845	5.100	-13.311	-78.243	-91.555
0.340	120.000	1.120	1.020	4.845	5.100	-12.202	-78.243	-90.445
0.340	130.000	1.120	1.020	4.845	5.100	-11.264	-78.243	-89.507
0.340	140.000	1.120	1.020	4.845	5.100	-10.459	-78.243	-88.702
0.340	150.000	1.120	1.020	4.845	5.100	-9.762	-78.243	-88.005
0.340	160.000	1.120	1.020	4.845	5.100	-9.152	-78.243	-87.395
0.340	170.000	1.120	1.020	4.845	5.100	-8.613	-78.243	-86.856
0.340	180.000	1.120	1.020	4.845	5.100	-8.135	-78.243	-86.378
0.340	190.000	1.120	1.020	4.845	5.100	-7.707	-78.243	-85.950
0.340	200.000	1.120	1.020	4.845	5.100	-7.321	-78.243	-85.564

0.350	10.000	1.008	1.020	4.845	5.100	-177.073	-76.138	-253.211
0.350	20.000	1.008	1.020	4.845	5.100	-88.537	-76.138	-164.674
0.350	30.000	1.008	1.020	4.845	5.100	-59.024	-76.138	-135.162
0.350	40.000	1.008	1.020	4.845	5.100	-44.268	-76.138	-120.406
0.350	50.000	1.008	1.020	4.845	5.100	-35.415	-76.138	-111.552
0.350	60.000	1.008	1.020	4.845	5.100	-29.512	-76.138	-105.650
0.350	70.000	1.120	1.020	4.845	5.100	-20.918	-80.544	-101.462
0.350	80.000	1.120	1.020	4.845	5.100	-18.303	-80.544	-98.848
0.350	90.000	1.120	1.020	4.845	5.100	-16.270	-80.544	-96.814
0.350	100.000	1.120	1.020	4.845	5.100	-14.643	-80.544	-95.187
0.350	110.000	1.120	1.020	4.845	5.100	-13.311	-80.544	-93.856
0.350	120.000	1.120	1.020	4.845	5.100	-12.202	-80.544	-92.747
0.350	130.000	1.120	1.020	4.845	5.100	-11.264	-80.544	-91.808
0.350	140.000	1.120	1.020	4.845	5.100	-10.459	-80.544	-91.003
0.350	150.000	1.120	1.020	4.845	5.100	-9.762	-80.544	-90.306
0.350	160.000	1.120	1.020	4.845	5.100	-9.152	-80.544	-89.696
0.350	170.000	1.120	1.020	4.845	5.100	-8.613	-80.544	-89.158
0.350	180.000	1.120	1.020	4.845	5.100	-8.135	-80.544	-88.679
0.350	190.000	1.120	1.020	4.845	5.100	-7.707	-80.544	-88.251
0.350	200.000	1.120	1.020	4.845	5.100	-7.321	-80.544	-87.866

0.360	10.000	1.008	1.020	5.100	4.845	-177.073	-78.313	-255.386
0.360	20.000	1.008	1.020	4.845	5.100	-88.537	-78.313	-166.850
0.360	30.000	1.008	1.020	5.100	4.845	-59.024	-78.313	-137.337
0.360	40.000	1.008	1.020	4.845	5.100	-44.268	-78.313	-122.581
0.360	50.000	1.008	1.020	4.845	5.100	-35.415	-78.313	-113.728
0.360	60.000	1.008	1.020	5.100	4.845	-29.512	-78.313	-107.825
0.360	70.000	1.120	1.020	4.845	5.100	-20.918	-82.846	-103.764
0.360	80.000	1.120	1.020	4.845	5.100	-18.303	-82.846	-101.149
0.360	90.000	1.120	1.020	4.845	5.100	-16.270	-82.846	-99.115
0.360	100.000	1.120	1.020	4.845	5.100	-14.643	-82.846	-97.488
0.360	110.000	1.120	1.020	4.845	5.100	-13.311	-82.846	-96.157
0.360	120.000	1.120	1.020	4.845	5.100	-12.202	-82.846	-95.048
0.360	130.000	1.120	1.020	4.845	5.100	-11.264	-82.846	-94.109
0.360	140.000	1.120	1.020	4.845	5.100	-10.459	-82.846	-93.305
0.360	150.000	1.120	1.020	4.845	5.100	-9.762	-82.846	-92.607
0.360	160.000	1.120	1.020	4.845	5.100	-9.152	-82.846	-91.997
0.360	170.000	1.120	1.020	4.845	5.100	-8.613	-82.846	-91.459
0.360	180.000	1.120	1.020	4.845	5.100	-8.135	-82.846	-90.980
0.360	190.000	1.120	1.020	4.845	5.100	-7.707	-82.846	-90.552
0.360	200.000	1.120	1.020	4.845	5.100	-7.321	-82.846	-90.167

0.370	10.000	1.008	1.020	4.845	5.100	-177.073	-80.488	-257.562
0.370	20.000	1.008	1.020	5.100	4.845	-88.537	-80.488	-169.025
0.370	30.000	1.008	1.020	4.845	5.100	-59.024	-80.488	-139.513
0.370	40.000	1.008	1.020	4.845	5.100	-44.268	-80.488	-124.757
0.370	50.000	1.008	1.020	4.845	5.100	-35.415	-80.488	-115.903
0.370	60.000	1.008	1.020	5.100	4.845	-29.512	-80.488	-110.001
0.370	70.000	1.120	1.020	4.845	5.100	-20.918	-85.147	-106.065
0.370	80.000	1.120	1.020	4.845	5.100	-18.303	-85.147	-103.450
0.370	90.000	1.120	1.020	4.845	5.100	-16.270	-85.147	-101.417
0.370	100.000	1.120	1.020	4.845	5.100	-14.643	-85.147	-99.790
0.370	110.000	1.120	1.020	4.845	5.100	-13.311	-85.147	-98.458
0.370	120.000	1.120	1.020	4.845	5.100	-12.202	-85.147	-97.349
0.370	130.000	1.120	1.020	4.845	5.100	-11.264	-85.147	-96.411
0.370	140.000	1.120	1.020	4.845	5.100	-10.459	-85.147	-95.606
0.370	150.000	1.120	1.020	4.845	5.100	-9.762	-85.147	-94.909
0.370	160.000	1.120	1.020	4.845	5.100	-9.152	-85.147	-94.299
0.370	170.000	1.120	1.020	4.845	5.100	-8.613	-85.147	-93.760
0.370	180.000	1.120	1.020	4.845	5.100	-8.135	-85.147	-93.282
0.370	190.000	1.120	1.020	4.845	5.100	-7.707	-85.147	-92.854
0.370	200.000	1.120	1.020	4.845	5.100	-7.321	-85.147	-92.468

0.380	10.000	1.008	1.020	4.845	5.100	-177.073	-82.664	-259.737
0.380	20.000	1.008	1.020	5.100	4.845	-88.537	-82.664	-171.200
0.380	30.000	1.008	1.020	4.845	5.100	-59.024	-82.664	-141.688
0.380	40.000	1.008	1.020	5.100	4.845	-44.268	-82.664	-126.932
0.380	50.000	1.008	1.020	5.100	4.845	-35.415	-82.664	-118.078
0.380	60.000	1.008	1.020	4.845	5.100	-29.512	-82.664	-112.176
0.380	70.000	1.120	1.020	4.845	5.100	-20.918	-87.448	-108.366
0.380	80.000	1.120	1.020	4.845	5.100	-18.303	-87.448	-105.752
0.380	90.000	1.120	1.020	4.845	5.100	-16.270	-87.448	-103.718
0.380	100.000	1.120	1.020	4.845	5.100	-14.643	-87.448	-102.091
0.380	110.000	1.120	1.020	4.845	5.100	-13.311	-87.448	-100.760
0.380	120.000	1.120	1.020	4.845	5.100	-12.202	-87.448	-99.650
0.380	130.000	1.120	1.020	4.845	5.100	-11.264	-87.448	-98.712
0.380	140.000	1.120	1.020	4.845	5.100	-10.459	-87.448	-97.907
0.380	150.000	1.120	1.020	4.845	5.100	-9.762	-87.448	-97.210
0.380	160.000	1.120	1.020	4.845	5.100	-9.152	-87.448	-96.600
0.380	170.000	1.120	1.020	4.845	5.100	-8.613	-87.448	-96.062
0.380	180.000	1.120	1.020	4.845	5.100	-8.135	-87.448	-95.583
0.380	190.000	1.120	1.020	4.845	5.100	-7.707	-87.448	-95.155
0.380	200.000	1.120	1.020	4.845	5.100	-7.321	-87.448	-94.770

0.390	10.000	1.008	1.020	4.845	5.100	-177.073	-84.839	-261.912
0.390	20.000	1.008	1.020	4.845	5.100	-88.537	-84.839	-173.376
0.390	30.000	1.008	1.020	4.845	5.100	-59.024	-84.839	-143.863
0.390	40.000	1.008	1.020	4.845	5.100	-44.268	-84.839	-129.107
0.390	50.000	1.008	1.020	4.845	5.100	-35.415	-84.839	-120.254
0.390	60.000	1.008	1.020	4.845	5.100	-29.512	-84.839	-114.351
0.390	70.000	1.120	1.020	4.845	5.100	-20.918	-89.750	-110.668
0.390	80.000	1.120	1.020	4.845	5.100	-18.303	-89.750	-108.053
0.390	90.000	1.120	1.020	4.845	5.100	-16.270	-89.750	-106.019
0.390	100.000	1.120	1.020	4.845	5.100	-14.643	-89.750	-104.392
0.390	110.000	1.120	1.020	4.845	5.100	-13.311	-89.750	-103.061
0.390	120.000	1.120	1.020	4.845	5.100	-12.202	-89.750	-101.952
0.390	130.000	1.120	1.020	4.845	5.100	-11.264	-89.750	-101.013
0.390	140.000	1.120	1.020	4.845	5.100	-10.459	-89.750	-100.209
0.390	150.000	1.120	1.020	4.845	5.100	-9.762	-89.750	-99.511
0.390	160.000	1.120	1.020	4.845	5.100	-9.152	-89.750	-98.901
0.390	170.000	1.120	1.020	4.845	5.100	-8.613	-89.750	-98.363
0.390	180.000	1.120	1.020	4.845	5.100	-8.135	-89.750	-97.884
0.390	190.000	1.120	1.020	4.845	5.100	-7.707	-89.750	-97.456
0.390	200.000	1.120	1.020	4.845	5.100	-7.321	-89.750	-97.071

0.400	10.000	1.008	1.020	5.100	4.845	-177.073	-87.014	-264.088
0.400	20.000	1.008	1.020	4.845	5.100	-88.537	-87.014	-175.551
0.400	30.000	1.008	1.020	5.100	4.845	-59.024	-87.014	-146.039
0.400	40.000	1.008	1.020	4.845	5.100	-44.268	-87.014	-131.283
0.400	50.000	1.008	1.020	4.845	5.100	-35.415	-87.014	-122.429
0.400	60.000	1.008	1.020	5.100	4.845	-29.512	-87.014	-116.527
0.400	70.000	1.120	1.020	4.845	5.100	-20.918	-92.051	-112.969
0.400	80.000	1.120	1.020	4.845	5.100	-18.303	-92.051	-110.354
0.400	90.000	1.120	1.020	4.845	5.100	-16.270	-92.051	-108.320
0.400	100.000	1.120	1.020	4.845	5.100	-14.643	-92.051	-106.693
0.400	110.000	1.120	1.020	4.845	5.100	-13.311	-92.051	-105.362
0.400	120.000	1.120	1.020	4.845	5.100	-12.202	-92.051	-104.253
0.400	130.000	1.120	1.020	4.845	5.100	-11.264	-92.051	-103.314
0.400	140.000	1.120	1.020	4.845	5.100	-10.459	-92.051	-102.510
0.400	150.000	1.120	1.020	4.845	5.100	-9.762	-92.051	-101.813
0.400	160.000	1.120	1.020	4.845	5.100	-9.152	-92.051	-101.202
0.400	170.000	1.120	1.020	4.845	5.100	-8.613	-92.051	-100.664
0.400	180.000	1.120	1.020	4.845	5.100	-8.135	-92.051	-100.186
0.400	190.000	1.120	1.020	4.845	5.100	-7.707	-92.051	-99.757
0.400	200.000	1.120	1.020	4.845	5.100	-7.321	-92.051	-99.372

0.410	10.000	1.008	1.020	4.845	5.100	-177.073	-89.190	-266.263
0.410	20.000	1.008	1.020	4.845	5.100	-88.537	-89.190	-177.726
0.410	30.000	1.008	1.020	5.100	4.845	-59.024	-89.190	-148.214
0.410	40.000	1.008	1.020	5.100	4.845	-44.268	-89.190	-133.458
0.410	50.000	1.008	1.020	5.100	4.845	-35.415	-89.190	-124.604
0.410	60.000	1.120	1.020	4.845	5.100	-24.404	-94.352	-118.756
0.410	70.000	1.120	1.020	4.845	5.100	-20.918	-94.352	-115.270
0.410	80.000	1.120	1.020	4.845	5.100	-18.303	-94.352	-112.655
0.410	90.000	1.120	1.020	4.845	5.100	-16.270	-94.352	-110.622
0.410	100.000	1.120	1.020	4.845	5.100	-14.643	-94.352	-108.995
0.410	110.000	1.120	1.020	4.845	5.100	-13.311	-94.352	-107.664
0.410	120.000	1.120	1.020	4.845	5.100	-12.202	-94.352	-106.554
0.410	130.000	1.120	1.020	4.845	5.100	-11.264	-94.352	-105.616
0.410	140.000	1.120	1.020	4.845	5.100	-10.459	-94.352	-104.811
0.410	150.000	1.120	1.020	4.845	5.100	-9.762	-94.352	-104.114
0.410	160.000	1.120	1.020	4.845	5.100	-9.152	-94.352	-103.504
0.410	170.000	1.120	1.020	4.845	5.100	-8.613	-94.352	-102.965
0.410	180.000	1.120	1.020	4.845	5.100	-8.135	-94.352	-102.487
0.410	190.000	1.120	1.020	4.845	5.100	-7.707	-94.352	-102.059
0.410	200.000	1.120	1.020	4.845	5.100	-7.321	-94.352	-101.673

0.420	10.000	1.008	1.020	4.845	5.100	-177.073	-91.365	-268.438
0.420	20.000	1.008	1.020	5.100	4.845	-88.537	-91.365	-179.902
0.420	30.000	1.008	1.020	4.845	5.100	-59.024	-91.365	-150.390
0.420	40.000	1.008	1.020	4.845	5.100	-44.268	-91.365	-135.633
0.420	50.000	1.008	1.020	4.845	5.100	-35.415	-91.365	-126.780
0.420	60.000	1.120	1.020	4.845	5.100	-24.404	-96.653	-121.058
0.420	70.000	1.120	1.020	4.845	5.100	-20.918	-96.653	-117.571
0.420	80.000	1.120	1.020	4.845	5.100	-18.303	-96.653	-114.957
0.420	90.000	1.120	1.020	4.845	5.100	-16.270	-96.653	-112.923
0.420	100.000	1.120	1.020	4.845	5.100	-14.643	-96.653	-111.296
0.420	110.000	1.120	1.020	4.845	5.100	-13.311	-96.653	-109.965
0.420	120.000	1.120	1.020	4.845	5.100	-12.202	-96.653	-108.855
0.420	130.000	1.120	1.020	4.845	5.100	-11.264	-96.653	-107.917
0.420	140.000	1.120	1.020	4.845	5.100	-10.459	-96.653	-107.112
0.420	150.000	1.120	1.020	4.845	5.100	-9.762	-96.653	-106.415
0.420	160.000	1.120	1.020	4.845	5.100	-9.152	-96.653	-105.805
0.420	170.000	1.120	1.020	4.845	5.100	-8.613	-96.653	-105.267
0.420	180.000	1.120	1.020	4.845	5.100	-8.135	-96.653	-104.788
0.420	190.000	1.120	1.020	4.845	5.100	-7.707	-96.653	-104.360
0.420	200.000	1.120	1.020	4.845	5.100	-7.321	-96.653	-103.975

0.430	10.000	1.008	1.020	4.845	5.100	-177.073	-93.540	-270.614
0.430	20.000	1.008	1.020	4.845	5.100	-88.537	-93.540	-182.077
0.430	30.000	1.008	1.020	5.100	4.845	-59.024	-93.540	-152.565
0.430	40.000	1.008	1.020	4.845	5.100	-44.268	-93.540	-137.809
0.430	50.000	1.008	1.020	4.845	5.100	-35.415	-93.540	-128.955
0.430	60.000	1.120	1.020	4.845	5.100	-24.404	-98.955	-123.359
0.430	70.000	1.120	1.020	4.845	5.100	-20.918	-98.955	-119.873
0.430	80.000	1.120	1.020	4.845	5.100	-18.303	-98.955	-117.258
0.430	90.000	1.120	1.020	4.845	5.100	-16.270	-98.955	-115.224
0.430	100.000	1.120	1.020	4.845	5.100	-14.643	-98.955	-113.597
0.430	110.000	1.120	1.020	4.845	5.100	-13.311	-98.955	-112.266
0.430	120.000	1.120	1.020	4.845	5.100	-12.202	-98.955	-111.157
0.430	130.000	1.120	1.020	4.845	5.100	-11.264	-98.955	-110.218
0.430	140.000	1.120	1.020	4.845	5.100	-10.459	-98.955	-109.414
0.430	150.000	1.120	1.020	4.845	5.100	-9.762	-98.955	-108.716
0.430	160.000	1.120	1.020	4.845	5.100	-9.152	-98.955	-108.106
0.430	170.000	1.120	1.020	4.845	5.100	-8.613	-98.955	-107.568
0.430	180.000	1.120	1.020	4.845	5.100	-8.135	-98.955	-107.089
0.430	190.000	1.120	1.020	4.845	5.100	-7.707	-98.955	-106.661
0.430	200.000	1.120	1.020	4.845	5.100	-7.321	-98.955	-106.276

0.440	10.000	1.008	1.020	4.845	5.100	-177.073	-95.716	-272.789
0.440	20.000	1.008	1.020	4.845	5.100	-88.537	-95.716	-184.252
0.440	30.000	1.008	1.020	5.100	4.845	-59.024	-95.716	-154.740
0.440	40.000	1.008	1.020	4.845	5.100	-44.268	-95.716	-139.984
0.440	50.000	1.008	1.020	4.845	5.100	-35.415	-95.716	-131.130
0.440	60.000	1.120	1.020	4.845	5.100	-24.404	-101.256	-125.660
0.440	70.000	1.120	1.020	4.845	5.100	-20.918	-101.256	-122.174
0.440	80.000	1.120	1.020	4.845	5.100	-18.303	-101.256	-119.559
0.440	90.000	1.120	1.020	4.845	5.100	-16.270	-101.256	-117.525
0.440	100.000	1.120	1.020	4.845	5.100	-14.643	-101.256	-115.898
0.440	110.000	1.120	1.020	4.845	5.100	-13.311	-101.256	-114.567
0.440	120.000	1.120	1.020	4.845	5.100	-12.202	-101.256	-113.458
0.440	130.000	1.120	1.020	4.845	5.100	-11.264	-101.256	-112.519
0.440	140.000	1.120	1.020	4.845	5.100	-10.459	-101.256	-111.715
0.440	150.000	1.120	1.020	4.845	5.100	-9.762	-101.256	-111.018
0.440	160.000	1.120	1.020	4.845	5.100	-9.152	-101.256	-110.407
0.440	170.000	1.120	1.020	4.845	5.100	-8.613	-101.256	-109.869
0.440	180.000	1.120	1.020	4.845	5.100	-8.135	-101.256	-109.391
0.440	190.000	1.120	1.020	4.845	5.100	-7.707	-101.256	-108.962
0.440	200.000	1.120	1.020	4.845	5.100	-7.321	-101.256	-108.577

0.450	10.000	1.008	1.020	4.845	5.100	-177.073	-97.891	-274.964
0.450	20.000	1.008	1.020	4.845	5.100	-88.537	-97.891	-186.428
0.450	30.000	1.008	1.020	5.100	4.845	-59.024	-97.891	-156.916
0.450	40.000	1.008	1.020	5.100	4.845	-44.268	-97.891	-142.160
0.450	50.000	1.008	1.020	5.100	4.845	-35.415	-97.891	-133.306
0.450	60.000	1.120	1.020	4.845	5.100	-24.404	-103.557	-127.961
0.450	70.000	1.120	1.020	4.845	5.100	-20.918	-103.557	-124.475
0.450	80.000	1.120	1.020	4.845	5.100	-18.303	-103.557	-121.860
0.450	90.000	1.120	1.020	4.845	5.100	-16.270	-103.557	-119.827
0.450	100.000	1.120	1.020	4.845	5.100	-14.643	-103.557	-118.200
0.450	110.000	1.120	1.020	4.845	5.100	-13.311	-103.557	-116.869
0.450	120.000	1.120	1.020	4.845	5.100	-12.202	-103.557	-115.759
0.450	130.000	1.120	1.020	4.845	5.100	-11.264	-103.557	-114.821
0.450	140.000	1.120	1.020	4.845	5.100	-10.459	-103.557	-114.016
0.450	150.000	1.120	1.020	4.845	5.100	-9.762	-103.557	-113.319
0.450	160.000	1.120	1.020	4.845	5.100	-9.152	-103.557	-112.709
0.450	170.000	1.120	1.020	4.845	5.100	-8.613	-103.557	-112.170
0.450	180.000	1.120	1.020	4.845	5.100	-8.135	-103.557	-111.692
0.450	190.000	1.120	1.020	4.845	5.100	-7.707	-103.557	-111.264
0.450	200.000	1.120	1.020	4.845	5.100	-7.321	-103.557	-110.878

0.460	10.000	1.008	1.020	4.845	5.100	-177.073	-100.067	-277.140
0.460	20.000	1.008	1.020	5.100	4.845	-88.537	-100.067	-188.603
0.460	30.000	1.008	1.020	4.845	5.100	-59.024	-100.067	-159.091
0.460	40.000	1.008	1.020	4.845	5.100	-44.268	-100.067	-144.335
0.460	50.000	1.008	1.020	4.845	5.100	-35.415	-100.067	-135.481
0.460	60.000	1.120	1.020	4.845	5.100	-24.404	-105.858	-130.263
0.460	70.000	1.120	1.020	4.845	5.100	-20.918	-105.858	-126.776
0.460	80.000	1.120	1.020	4.845	5.100	-18.303	-105.858	-124.162
0.460	90.000	1.120	1.020	4.845	5.100	-16.270	-105.858	-122.128
0.460	100.000	1.120	1.020	4.845	5.100	-14.643	-105.858	-120.501
0.460	110.000	1.120	1.020	4.845	5.100	-13.311	-105.858	-119.170
0.460	120.000	1.120	1.020	4.845	5.100	-12.202	-105.858	-118.061
0.460	130.000	1.120	1.020	4.845	5.100	-11.264	-105.858	-117.122
0.460	140.000	1.120	1.020	4.845	5.100	-10.459	-105.858	-116.317
0.460	150.000	1.120	1.020	4.845	5.100	-9.762	-105.858	-115.620
0.460	160.000	1.120	1.020	4.845	5.100	-9.152	-105.858	-115.010
0.460	170.000	1.120	1.020	4.845	5.100	-8.613	-105.858	-114.472
0.460	180.000	1.120	1.020	4.845	5.100	-8.135	-105.858	-113.993
0.460	190.000	1.120	1.020	4.845	5.100	-7.707	-105.858	-113.565
0.460	200.000	1.120	1.020	4.845	5.100	-7.321	-105.858	-113.180

0.470	10.000	1.008	1.020	4.845	5.100	-177.073	-102.242	-279.315
0.470	20.000	1.008	1.020	5.100	4.845	-88.537	-102.242	-190.779
0.470	30.000	1.008	1.020	4.845	5.100	-59.024	-102.242	-161.266
0.470	40.000	1.008	1.020	5.100	4.845	-44.268	-102.242	-146.510
0.470	50.000	1.008	1.020	5.100	4.845	-35.415	-102.242	-137.657
0.470	60.000	1.120	1.020	4.845	5.100	-24.404	-108.160	-132.564
0.470	70.000	1.120	1.020	4.845	5.100	-20.918	-108.160	-129.078
0.470	80.000	1.120	1.020	4.845	5.100	-18.303	-108.160	-126.463
0.470	90.000	1.120	1.020	4.845	5.100	-16.270	-108.160	-124.429
0.470	100.000	1.120	1.020	4.845	5.100	-14.643	-108.160	-122.802
0.470	110.000	1.120	1.020	4.845	5.100	-13.311	-108.160	-121.471
0.470	120.000	1.120	1.020	4.845	5.100	-12.202	-108.160	-120.362
0.470	130.000	1.120	1.020	4.845	5.100	-11.264	-108.160	-119.423
0.470	140.000	1.120	1.020	4.845	5.100	-10.459	-108.160	-118.619
0.470	150.000	1.120	1.020	4.845	5.100	-9.762	-108.160	-117.921
0.470	160.000	1.120	1.020	4.845	5.100	-9.152	-108.160	-117.311
0.470	170.000	1.120	1.020	4.845	5.100	-8.613	-108.160	-116.773
0.470	180.000	1.120	1.020	4.845	5.100	-8.135	-108.160	-116.294
0.470	190.000	1.120	1.020	4.845	5.100	-7.707	-108.160	-115.866
0.470	200.000	1.120	1.020	4.845	5.100	-7.321	-108.160	-115.481

0.480	10.000	1.008	1.020	5.100	4.845	-177.073	-104.417	-281.491
0.480	20.000	1.008	1.020	4.845	5.100	-88.537	-104.417	-192.954
0.480	30.000	1.008	1.020	5.100	4.845	-59.024	-104.417	-163.442
0.480	40.000	1.008	1.020	4.845	5.100	-44.268	-104.417	-148.686
0.480	50.000	1.008	1.020	4.845	5.100	-35.415	-104.417	-139.832
0.480	60.000	1.120	1.020	4.845	5.100	-24.404	-110.461	-134.865
0.480	70.000	1.120	1.020	4.845	5.100	-20.918	-110.461	-131.379
0.480	80.000	1.120	1.020	4.845	5.100	-18.303	-110.461	-128.764
0.480	90.000	1.120	1.020	4.845	5.100	-16.270	-110.461	-126.731
0.480	100.000	1.120	1.020	4.845	5.100	-14.643	-110.461	-125.104
0.480	110.000	1.120	1.020	4.845	5.100	-13.311	-110.461	-123.772
0.480	120.000	1.120	1.020	4.845	5.100	-12.202	-110.461	-122.663
0.480	130.000	1.120	1.020	4.845	5.100	-11.264	-110.461	-121.724
0.480	140.000	1.120	1.020	4.845	5.100	-10.459	-110.461	-120.920
0.480	150.000	1.120	1.020	4.845	5.100	-9.762	-110.461	-120.223
0.480	160.000	1.120	1.020	4.845	5.100	-9.152	-110.461	-119.613
0.480	170.000	1.120	1.020	4.845	5.100	-8.613	-110.461	-119.074
0.480	180.000	1.120	1.020	4.845	5.100	-8.135	-110.461	-118.596
0.480	190.000	1.120	1.020	4.845	5.100	-7.707	-110.461	-118.168
0.480	200.000	1.120	1.020	4.845	5.100	-7.321	-110.461	-117.782

0.490	10.000	1.008	1.020	4.845	5.100	-177.073	-106.593	-283.666
0.490	20.000	1.008	1.020	4.845	5.100	-88.537	-106.593	-195.129
0.490	30.000	1.008	1.020	5.100	4.845	-59.024	-106.593	-165.617
0.490	40.000	1.008	1.020	5.100	4.845	-44.268	-106.593	-150.861
0.490	50.000	1.120	1.020	4.845	5.100	-29.285	-112.762	-142.047
0.490	60.000	1.120	1.020	4.845	5.100	-24.404	-112.762	-137.167
0.490	70.000	1.120	1.020	4.845	5.100	-20.918	-112.762	-133.680
0.490	80.000	1.120	1.020	4.845	5.100	-18.303	-112.762	-131.065
0.490	90.000	1.120	1.020	4.845	5.100	-16.270	-112.762	-129.032
0.490	100.000	1.120	1.020	4.845	5.100	-14.643	-112.762	-127.405
0.490	110.000	1.120	1.020	4.845	5.100	-13.311	-112.762	-126.074
0.490	120.000	1.120	1.020	4.845	5.100	-12.202	-112.762	-124.964
0.490	130.000	1.120	1.020	4.845	5.100	-11.264	-112.762	-124.026
0.490	140.000	1.120	1.020	4.845	5.100	-10.459	-112.762	-123.221
0.490	150.000	1.120	1.020	4.845	5.100	-9.762	-112.762	-122.524
0.490	160.000	1.120	1.020	4.845	5.100	-9.152	-112.762	-121.914
0.490	170.000	1.120	1.020	4.845	5.100	-8.613	-112.762	-121.376
0.490	180.000	1.120	1.020	4.845	5.100	-8.135	-112.762	-120.897
0.490	190.000	1.120	1.020	4.845	5.100	-7.707	-112.762	-120.469
0.490	200.000	1.120	1.020	4.845	5.100	-7.321	-112.762	-120.084

0.500	10.000	1.008	1.020	4.845	5.100	-177.073	-108.768	-285.841
0.500	20.000	1.008	1.020	5.100	4.845	-88.537	-108.768	-197.305
0.500	30.000	1.008	1.020	4.845	5.100	-59.024	-108.768	-167.792
0.500	40.000	1.008	1.020	4.845	5.100	-44.268	-108.768	-153.036
0.500	50.000	1.120	1.020	4.845	5.100	-29.285	-115.063	-144.349
0.500	60.000	1.120	1.020	4.845	5.100	-24.404	-115.063	-139.468
0.500	70.000	1.120	1.020	4.845	5.100	-20.918	-115.063	-135.982
0.500	80.000	1.120	1.020	4.845	5.100	-18.303	-115.063	-133.367
0.500	90.000	1.120	1.020	4.845	5.100	-16.270	-115.063	-131.333
0.500	100.000	1.120	1.020	4.845	5.100	-14.643	-115.063	-129.706
0.500	110.000	1.120	1.020	4.845	5.100	-13.311	-115.063	-128.375
0.500	120.000	1.120	1.020	4.845	5.100	-12.202	-115.063	-127.266
0.500	130.000	1.120	1.020	4.845	5.100	-11.264	-115.063	-126.327
0.500	140.000	1.120	1.020	4.845	5.100	-10.459	-115.063	-125.522
0.500	150.000	1.120	1.020	4.845	5.100	-9.762	-115.063	-124.825
0.500	160.000	1.120	1.020	4.845	5.100	-9.152	-115.063	-124.215
0.500	170.000	1.120	1.020	4.845	5.100	-8.613	-115.063	-123.677
0.500	180.000	1.120	1.020	4.845	5.100	-8.135	-115.063	-123.198
0.500	190.000	1.120	1.020	4.845	5.100	-7.707	-115.063	-122.770
0.500	200.000	1.120	1.020	4.845	5.100	-7.321	-115.063	-122.385
