# types
1
2
3
4
5
4
6
7
8
3
9
5
10
3
10
11
5
11
2
5
11
3
5
11
12
5
13
14
5
11
14
5
9
14
5
11
1
5
15
1
5
11
14
5
7
14
5
7
14
5
5
3
5
11
2
5
11
11
5
11
14
5
11
14
5
8
16
5
6
6
5
7
9
5
8
11
5
12
14
5
7
12
5
11
14
5
11
1
5
9
12
5
13
14
5
17
9
5
13
14
5
2
18
5
19
12
5
15
3
5
13
6
5
9
8
5
6
17
5
11
9
5
11
8
5
7
14
5
3
14
5
7
16
5
17
14
5
1
2
5
11
12
5
13
14
5
7
12
5
12
14
5
11
14
5
17
9
5
9
12
5
16
6
5
9
10
5
9
9
5
11
14
5
11
17
5
11
17
5
11
14
5
15
14
5
9
9
5
9
8
5
7
9
5
11
1
5
9
12
5
3
7
5
11
1
5
10
12
5
7
14
5
11
14
5
11
9
5
9
9
5
11
9
5
16
14
5
9
6
5
1
14
5
9
8
5
9
16
5
9
14
5
20
9
5
9
14
5
15
14
5
9
12
5
11
3
5
11
1
5
11
3
5
9
14
5
11
8
5
17
3
5
7
14
5
9
14
5
16
8
5
6
17
5
9
8
5
7
14
5
11
9
5
10
1
5
11
14
5
11
9
5
7
7
5
8
12
5
9
12
5
7
14
5
11
3
5
13
14
5
11
14
5
7
12
5
5
14
5
3
12
5
15
14
5
9
6
5
10
9
5
11
8
5
11
3
5
7
12
5
3
14
5
11
9
5
11
8
5
3
14
5
7
9
5
12
14
5
7
9
5
13
14
5
9
8
5
13
17
5
3
14
5
3
14
5
11
6
5
8
17
5
11
14
5
11
9
5
1
6
5
12
14
5
11
9
5
11
14
5
9
12
5
1
9
5
10
2
5
15
14
5
11
8
5
17
9
5
7
14
5
8
9
5
7
12
5
10
14
5
11
14
5
9
10
5
11
9
5
8
6
5
7
9
5
9
1
5
9
14
5
11
9
5
11
9
5
7
12
5
7
1
5
11
9
5
3
14
5
15
1
5
13
14
5
11
9
5
11
14
5
7
9
5
8
14
5
7
1
5
10
14
5
6
13
5
9
14
5
11
3
5
9
12
5
7
12
5
15
14
5
7
12
5
10
1
5
11
14
5
11
9
5
11
12
5
16
16
5
9
14
5
16
6
5
9
8
5
6
17
5
9
14
5
9
14
5
3
1
5
9
14
5
13
1
5
2
14
5
7
12
5
9
9
5
13
14
5
11
8
5
6
12
5
6
9
5
11
8
5
9
6
5
3
11
5
8
6
5
10
12
5
13
17
5
11
20
5
11
14
5
11
9
5
9
14
5
6
8
5
7
9
5
11
3
5
11
9
5
11
17
5
9
12
5
9
14
5
6
12
5
7
9
5
11
14
5
11
9
5
15
9
5
11
14
5
9
6
5
1
14
5
9
8
5
7
14
5
6
17
5
10
8
5
6
9
5
11
14
5
11
9
5
11
9
5
11
14
5
11
20
5
16
10
5
9
14
5
11
18
5
3
12
5
9
9
5
11
14
5
9
17
5
15
14
5
9
9
5
12
10
5
11
14
5
11
3
5
16
9
5
11
14
5
11
14
5
11
10
5
8
7
5
5
8
5
11
12
5
7
17
5
11
9
5
12
14
5
7
10
5
11
14
5
11
14
5
11
9
5
7
8
5
3
14
5
9
6
5
11
9
5
3
14
5
17
11
5
11
1
5
20
9
5
1
12
5
10
10
5
13
14
5
1
12
5
8
12
5
15
14
5
13
14
5
11
3
5
7
14
5
8
1
5
11
3
5
9
3
5
7
12
5
11
14
5
11
2
5
11
14
5
13
9
5
11
14
5
7
3
5
12
7
5
3
14
5
9
7
5
3
14
5
12
6
5
9
14
5
9
8
5
6
12
5
7
17
5
11
9
5
11
14
5
9
14
5
9
14
5
9
11
5
11
10
5
11
9
5
8
16
5
6
12
5
7
17
5
11
9
5
11
9
5
11
20
5
11
9
5
9
12
5
11
9
5
11
1
5
11
12
5
6
18
5
7
17
5
7
1
5
6
12
5
20
18
5
19
12
5
15
3
5
13
1
5
11
14
5
3
14
5
3
14
5
7
1
5
11
3
5
9
3
5
11
9
5
11
12
5
11
14
5
3
9
5
3
14
5
8
6
5
13
16
5
13
14
5
11
20
5
14
14
5
11
12
5
12
17
5
6
3
5
11
9
5
11
14
5
11
14
5
11
14
5
11
14
5
11
11
3
5
5
4
6
15
3
15
13
11
1
11
11
1
7
8
3
1
6
5
5
12
4
4
